7
0.99
0.99
0.995
0.99
0.992
380000
0.75
0
0.55
0
18
430
4800
0.5
0
18.5
1
0
0.5
0
19
12377.74
1
44000
2250
[160 0 2 173.466627987759 1;160 0 1.8 156.119965188983 1;160 0 2.2 190.813290786535 1]
[6365 2631 1.6 1;6365 2631 1.8 1;6365 2631 2.2 1]
[6365 2631 2.2 0.7 1;6365 2631 2.4 0.7 1;6365 2631 2.8 0.7 1]
5
3150
9.58
0.8
[0.015 0.8;0.06 0.75;0.015 NaN]
[2.2 2 2.4 0.7 2.3 1.1 1;2 1.4 2.8 0.92 5 1.1 0]

[0.75 40000 0.0003 4 0.85 1]
30
0.3
0.1
0.663
1.59866
5
5
1.5
0.3
0.4
32
36
64
8.85
63
16
[38152 0.5 0.12;6000 0.85 0.25;4461 0.83 0.17;49843 0.4 0.12;37575 0.33 0.04;43485 0.35 0.09;17435 0.4 0.05;2250 0.1 0.12;44000 0.55 0.14;136155 0.35 0.08]
[1 8 9 10]
"[""Estructura"" ""Tripulación"" ""Pasajeros"" ""Combustible""]"
"[""Fuselaje"" ""Est vertical"" ""Est horizontal"" ""Fixed eqp"" ""Nacelas + Motor"" ""Alas"" ""Tren de aterrizaje"" ""Tripulación"" ""Pasajeros"" ""Combustible""]"
"[""1"" ""1,2"" ""1,2,4"" ""1,2,3,4"" ""1,2,3"" ""1,2""]"
0.04
0.03
0.15
